9.942129100265229003e-01
8.651021267667241554e-01
6.841550064922398144e-01
4.622172605737464024e-01
2.125904271448716965e-01
-4.976530042126468822e-02
-3.091275948658749884e-01
-5.499541439691738587e-01
-7.578139734636620828e-01
-9.202521414059656735e-01
-1.027535995890832110e+00
-1.073238286189735602e+00
-1.054622194097770915e+00
-9.728052215604211517e-01
-8.326921214255794679e-01
-6.426808964420543946e-01
-4.141594883666539495e-01
-1.608233196181224067e-01
1.021454169505392195e-01
3.589875418871622537e-01
5.943112322789021462e-01
7.940143400440276000e-01
9.461294216843447735e-01
1.041540847253254354e+00
1.074531021326021074e+00
1.043122988056973677e+00
9.491988925255684384e-01
7.983872005557854923e-01
5.997254344312024088e-01
3.651186322917843174e-01
1.086259786993389875e-01
-1.543816504885281438e-01
-4.081427509622770344e-01
-6.374496720724646126e-01
-8.285599257557761943e-01
-9.700197166062121124e-01
-1.053350345893748097e+00
-1.073556357565024433e+00
-1.029424974100224821e+00
-9.235988747382827269e-01
-7.624179488878549682e-01
-5.555394998788856231e-01
-3.153596492912140170e-01
-5.627060450077917692e-02
2.062017119160587109e-01
4.563280020639942647e-01
6.791181583585949033e-01
8.612195763776313573e-01
9.917173854272078870e-01
1.062788641654132560e+00
1.070171276497481117e+00
1.013419690805474449e+00
8.959316673492221383e-01
7.247449759063555597e-01
5.101158447814844177e-01
2.649045437393963143e-01
3.804882673328572901e-03
-2.575362147508762356e-01
-5.034563134098017922e-01
-7.192160661882028849e-01
-8.918825678821343805e-01
-1.011104526810233661e+00
-1.069732795476564080e+00
-1.064249063910011950e+00
-9.949770110554430058e-01
-8.660632424974564758e-01
-6.852291360984281710e-01
-4.633084444865963603e-01
-2.135983422344407967e-01
4.893721328827473765e-02
3.085640851228010906e-01
5.497208069778045658e-01
7.579511867769944677e-01
9.207707777020551765e-01
1.028415287542411516e+00
1.074426065710289313e+00
1.056037564596343348e+00
9.743435337169481514e-01
8.342319608666545205e-01
6.440926301816315425e-01
4.153147925217208214e-01
1.616050224887525810e-01
-1.018338851091357550e-01
-3.592137944846663933e-01
-5.951073128753457953e-01
-7.953723914456434230e-01
-9.480000346306196590e-01
-1.043834309058122578e+00
-1.077121487863969662e+00
-1.045855398313805917e+00
-9.518982475060644433e-01
-8.008696514507535058e-01
-6.018104812339797327e-01
-3.666416342567777042e-01
-1.094501300417367595e-01
1.543547177849366181e-01
4.089645096205868358e-01
6.391190395454553475e-01
8.310208863684013236e-01
9.731625050992802617e-01
1.057016241655485134e+00
1.077545898898720544e+00
1.033509167784734339e+00
9.275327636753085692e-01
7.659557244850264679e-01
5.584502186378184074e-01
3.174425445185149464e-01
5.736898017977270364e-02
-2.061889553678240838e-01
-4.574380336327647512e-01
-6.813197131294211895e-01
-8.644126914022884911e-01
-9.957375192989273982e-01
-1.067415042167098926e+00
-1.075139182084191791e+00
-1.018435692419004779e+00
-9.006913353664243171e-01
-7.289516868072472011e-01
-5.134996370212966399e-01
-2.672397997283858517e-01
-4.925677927985570165e-03
2.577241344918255739e-01
5.049677769437735941e-01
7.219835448986733351e-01
8.957583756245584006e-01
1.015868140632809613e+00
1.075102959824682181e+00
1.069900028536270087e+00
1.000557974643367709e+00
