1.73303E-16
-1.04334E-11
-2.2666E-10
-1.62805E-9
-5.44258E-9
-9.8838E-9
-1.19897E-8
-2.14605E-8
-1.6708E-9
4.89111E-7
3.18751E-6
1.2174E-5
3.34628E-5
7.05969E-5
0.000114279
0.000126525
2.43561E-5
-0.000324706
-0.00107754
-0.00234657
-0.00408442
-0.00593909
-0.00711663
-0.00630082
-0.00167546
0.00892589
0.0277513
0.0567867
0.0974041
0.150073
0.214192
0.288065
0.369014
0.453605
0.537931
0.617921
0.689618
0.749442
0.794388
0.822197
0.831467
0.82173
0.793477
0.748133
0.687977
0.61603
0.535885
0.451502
0.366956
0.286143
0.212482
0.14863
0.0962559
0.0559343
0.0271707
0.00857412
-0.00185228
-0.00635848
-0.00710506
-0.00589715
-0.00403786
-0.0023089
-0.00105299
-0.000311857
2.92205E-5
0.000127153
0.000113343
6.95193E-5
3.2746E-5
1.18296E-5
3.06738E-6
4.61633E-7
-4.3355E-9
-2.11001E-8
-1.19087E-8
-9.81041E-9
-5.31916E-9
-1.56973E-9
-2.11091E-10
-1.08905E-11
6.98931E-13

